name,cluster 0,cluster 1,cluster 2,cluster 3
paper0.txt,0.17964,0.07317,0.01008,0.73711
paper1.txt,0.08548,0.37011,0.02182,0.52259
paper2.txt,0.03172,0.03732,0.05215,0.87881
paper3.txt,0.86830,0.04936,0.03198,0.05036
paper4.txt,0.15669,0.14056,0.03258,0.67017
paper5.txt,0.12244,0.12451,0.13877,0.61429
paper6.txt,0.10189,0.72634,0.10515,0.06662
paper7.txt,0.20543,0.25114,0.43794,0.10549
paper8.txt,0.19500,0.28019,0.08253,0.44228
paper9.txt,0.20850,0.31035,0.04424,0.43691
paper10.txt,0.03864,0.01944,0.04270,0.89922
paper11.txt,0.47145,0.15280,0.05916,0.31660
paper12.txt,0.01960,0.01971,0.01567,0.94502
paper13.txt,0.06983,0.00658,0.25342,0.67017
paper14.txt,0.07691,0.76742,0.02091,0.13475
paper15.txt,0.19381,0.57608,0.07098,0.15913
paper16.txt,0.24945,0.29087,0.22191,0.23777
paper17.txt,0.44632,0.23654,0.05955,0.25760
paper18.txt,0.27441,0.29429,0.11622,0.31508
paper19.txt,0.19712,0.73456,0.03809,0.03023
paper20.txt,0.16443,0.65926,0.03013,0.14618
paper21.txt,0.20823,0.08393,0.53804,0.16981
paper22.txt,0.33037,0.06928,0.09964,0.50070
paper23.txt,0.17445,0.14183,0.43435,0.24937
paper24.txt,0.26532,0.30076,0.18520,0.24872
paper25.txt,0.90788,0.04444,0.01189,0.03579
paper26.txt,0.33330,0.10847,0.47234,0.08590
paper27.txt,0.21276,0.23344,0.22751,0.32628
paper28.txt,0.20071,0.41665,0.14534,0.23730
paper29.txt,0.36461,0.29608,0.04558,0.29373
paper30.txt,0.40580,0.16719,0.05495,0.37207
paper31.txt,0.54441,0.01863,0.00817,0.42880
paper32.txt,0.02742,0.04841,0.84458,0.07958
paper33.txt,0.11305,0.14387,0.04203,0.70105
paper34.txt,0.15566,0.03758,0.07960,0.72715
paper35.txt,0.67714,0.08750,0.04384,0.19151
paper36.txt,0.07334,0.07230,0.73480,0.11956
paper37.txt,0.00001,0.00001,0.00022,0.99976
paper38.txt,0.01202,0.66407,0.23435,0.08956
paper39.txt,0.87574,0.02568,0.05261,0.04597
paper40.txt,0.30062,0.23022,0.16093,0.30824
paper41.txt,0.97183,0.00055,0.02682,0.00080
paper42.txt,0.28784,0.20814,0.18318,0.32085
paper43.txt,0.11968,0.67295,0.04279,0.16458
paper44.txt,0.29621,0.26884,0.08128,0.35366
paper45.txt,0.09911,0.02187,0.85975,0.01928
paper46.txt,0.18508,0.30085,0.14464,0.36943
paper47.txt,0.06464,0.08378,0.67223,0.17936
paper48.txt,0.62292,0.08811,0.08051,0.20846
paper49.txt,0.15082,0.06052,0.31148,0.47718
paper50.txt,0.16157,0.36688,0.06123,0.41032
paper51.txt,0.40234,0.25502,0.04662,0.29601
paper52.txt,0.36333,0.08060,0.00646,0.54961
paper53.txt,0.15057,0.69647,0.01112,0.14184
paper54.txt,0.02487,0.00357,0.11370,0.85787
paper55.txt,0.40443,0.11116,0.35170,0.13270
paper56.txt,0.28783,0.30386,0.09061,0.31770
paper57.txt,0.08543,0.81014,0.04197,0.06246
paper58.txt,0.14531,0.49538,0.03274,0.32657
paper59.txt,0.60240,0.10588,0.25941,0.03230
paper60.txt,0.51585,0.05948,0.38113,0.04354
paper61.txt,0.38568,0.22479,0.08239,0.30714
paper62.txt,0.23688,0.12495,0.04981,0.58837
paper63.txt,0.18309,0.01510,0.23481,0.56701
paper64.txt,0.18101,0.54933,0.04155,0.22811
paper65.txt,0.32051,0.19963,0.07429,0.40557
paper66.txt,0.02974,0.03052,0.02703,0.91272
paper67.txt,0.20947,0.13990,0.04908,0.60154
paper68.txt,0.24399,0.24925,0.21518,0.29159
paper69.txt,0.23778,0.12500,0.49729,0.13994
paper70.txt,0.34861,0.08511,0.15425,0.41203
paper71.txt,0.16711,0.32098,0.06433,0.44758
paper72.txt,0.35034,0.10512,0.14643,0.39811
paper73.txt,0.18261,0.09092,0.08014,0.64633
paper74.txt,0.14064,0.17767,0.13207,0.54961
paper75.txt,0.18088,0.06566,0.03459,0.71887
paper76.txt,0.15503,0.15730,0.37622,0.31144
paper77.txt,0.26495,0.35016,0.09795,0.28694
paper78.txt,0.24355,0.31786,0.06565,0.37294
paper79.txt,0.14754,0.01046,0.54516,0.29684
paper80.txt,0.45597,0.13746,0.32827,0.07830
paper81.txt,0.02673,0.03151,0.01367,0.92809
paper82.txt,0.73648,0.12320,0.05658,0.08374
paper83.txt,0.22293,0.16897,0.15379,0.45432
paper84.txt,0.18173,0.12930,0.49718,0.19179
paper85.txt,0.48038,0.19532,0.06338,0.26092
paper86.txt,0.04693,0.00736,0.89993,0.04578
paper87.txt,0.11012,0.02418,0.39434,0.47135
paper88.txt,0.05533,0.01521,0.02851,0.90095
paper89.txt,0.16751,0.69059,0.04401,0.09790
paper90.txt,0.09948,0.71862,0.03160,0.15029
paper91.txt,0.15864,0.11368,0.53441,0.19327
paper92.txt,0.30264,0.05385,0.27509,0.36843
paper93.txt,0.21850,0.03954,0.01675,0.72522
paper94.txt,0.75003,0.06225,0.03102,0.15671
paper95.txt,0.11661,0.11457,0.17922,0.58960
paper96.txt,0.23694,0.36251,0.04836,0.35219
paper97.txt,0.29627,0.44813,0.04549,0.21011
paper98.txt,0.26535,0.03050,0.02968,0.67447
paper99.txt,0.48520,0.21249,0.10272,0.19959
