name,cluster 0,cluster 1,cluster 2,cluster 3
paper0.txt,0.17964,0.07317,0.01008,0.73711
paper1.txt,0.08548,0.37011,0.02182,0.52259
paper2.txt,0.03172,0.03732,0.05215,0.87881
paper3.txt,0.86830,0.04936,0.03198,0.05036
paper4.txt,0.15669,0.14056,0.03258,0.67017
paper5.txt,0.12244,0.12451,0.13877,0.61429
paper6.txt,0.10189,0.72634,0.10515,0.06662
paper7.txt,0.20543,0.25114,0.43794,0.10549
paper8.txt,0.19500,0.28019,0.08253,0.44228
paper9.txt,0.20850,0.31035,0.04424,0.43691
paper10.txt,0.03864,0.01944,0.04270,0.89922
paper11.txt,0.47145,0.15280,0.05916,0.31660
paper12.txt,0.01960,0.01971,0.01567,0.94502
paper13.txt,0.06983,0.00658,0.25342,0.67017
paper14.txt,0.07691,0.76742,0.02091,0.13475
paper15.txt,0.19381,0.57608,0.07098,0.15913
paper16.txt,0.24945,0.29087,0.22191,0.23777
paper17.txt,0.44632,0.23654,0.05955,0.25760
paper18.txt,0.27441,0.29429,0.11622,0.31508
paper19.txt,0.19712,0.73456,0.03809,0.03023
