name,cluster 0,cluster 1,cluster 2,cluster 3
paper0.txt,21.85175,24.82741,26.00491,27.31594
paper1.txt,22.86595,20.08387,32.59274,24.45744
paper2.txt,26.09835,31.45330,19.25459,23.19376
paper3.txt,25.02891,23.79507,22.50758,28.66845
paper4.txt,23.22288,30.82644,20.38750,25.56318
paper5.txt,22.86650,32.74368,23.09915,21.29067
paper6.txt,18.11997,20.43763,38.89679,22.54562
paper7.txt,32.08176,20.86797,22.58168,24.46858
paper8.txt,22.41862,21.06220,25.03811,31.48108
paper9.txt,23.19808,22.96049,30.53823,23.30321
paper10.txt,26.61497,26.43635,23.03186,23.91682
paper11.txt,21.89000,28.58485,21.81287,27.71228
paper12.txt,24.00654,32.40815,22.04027,21.54504
paper13.txt,31.49539,29.12781,16.05335,23.32345
paper14.txt,21.06599,18.99500,34.25319,25.68582
paper15.txt,24.63438,27.44555,23.86296,24.05710
paper16.txt,22.81473,22.51059,30.40037,24.27432
paper17.txt,21.52395,18.44811,26.27267,33.75527
paper18.txt,21.56368,17.78280,36.19595,24.45756
paper19.txt,22.74229,19.71809,33.09533,24.44428
